modality=CT
description=Abdomen CT
study_uid=1.2.826.0.1.3680043.8.498.demo.2.1
series_uid=1.2.826.0.1.3680043.8.498.demo.2.2
sop_uid=1.2.826.0.1.3680043.8.498.demo.2.3
