modality=MR
description=Brain MRI
study_uid=1.2.826.0.1.3680043.8.498.demo.4.1
series_uid=1.2.826.0.1.3680043.8.498.demo.4.2
sop_uid=1.2.826.0.1.3680043.8.498.demo.4.3
