modality=CT
description=Head CT
study_uid=1.2.826.0.1.3680043.8.498.demo.3.1
series_uid=1.2.826.0.1.3680043.8.498.demo.3.2
sop_uid=1.2.826.0.1.3680043.8.498.demo.3.3
