modality=MR
description=Knee MRI
study_uid=1.2.826.0.1.3680043.8.498.demo.6.1
series_uid=1.2.826.0.1.3680043.8.498.demo.6.2
sop_uid=1.2.826.0.1.3680043.8.498.demo.6.3
