modality=US
description=Abdominal US
study_uid=1.2.826.0.1.3680043.8.498.demo.10.1
series_uid=1.2.826.0.1.3680043.8.498.demo.10.2
sop_uid=1.2.826.0.1.3680043.8.498.demo.10.3
