modality=CR
description=Chest X-ray
study_uid=1.2.826.0.1.3680043.8.498.demo.7.1
series_uid=1.2.826.0.1.3680043.8.498.demo.7.2
sop_uid=1.2.826.0.1.3680043.8.498.demo.7.3
